D=[-0.789291041,-2.806490274,-3.401197382,-4.227875955,-5.075173815,-5.480638923,-6.173786104,-6.173786104,-6.173786104];
U=[-2.014903021,-2.302585093,-2.708050201,-2.739798899,-3.082743651,-3.871201011,-3.976561527,-5.075173815,-5.480638923,-6.173786104,-6.173786104,-6.173786104];
