% plot Zₗ² vs f², linear fit and from the offset and slope, determine R_int and L. Provide a legend for the data and fit
f=[1000^2, 22000^2,32000^2,39000^2,45000^2,50000^2,55000^2,60000^2,65000^2];
z=[];